5
chinese         0 5 2
0 EE 2016211001 101 CSC -1 0
0 DD 2016211002 102 CSC -1 0
0 CC 2016211003 103 CSC -1 0
0 BB 2016211004 104 CSC -1 0
0 AA 2016211005 105 CSC -1 0
math            1 5 2
0 EE 2016211005 105 CSC -1 0
0 DD 2016211004 104 CSC -1 0
0 CC 2016211003 103 CSC -1 0
0 BB 2016211002 102 CSC -1 0
0 AA 2016211001 101 CSC -1 0
English         2 5 2
1 AA 2016211001 101 CSC 89 17.8
1 BB 2016211002 102 CSC 90 18
1 CC 2016211003 103 CSC 90 18
1 DD 2016211004 104 CSC 86 17.2
1 EE 2016211005 105 CSC 97 19.4
physics         3 5 2
0 AA 2016211001 101 CSC -1 0
0 BB 2016211002 102 CSC -1 0
0 CC 2016211003 103 CSC -1 0
0 DD 2016211004 104 CSC -1 0
0 EE 2016211005 105 CSC -1 0
chemistry       4 5 2
0 AA 2016211001 101 CSC -1 0
0 BB 2016211002 102 CSC -1 0
0 CC 2016211003 103 CSC -1 0
0 DD 2016211004 104 CSC -1 0
0 EE 2016211005 105 CSC -1 0
